filename= C:\Users\janni\OneDrive\Desktop\Test\proje\test\opt-test-APS1.log
200982
230000
230310
270002
270110
270111
270112
270113
280029
280042
285006
285007
290050
290061
290062
291316
291317
291409
291431
291432
292425
400002
400003
40001000
40001004
40001008
40001009
40001010
40001011
40001012
40001013
40001014
40001019
40001031
40001033
40001034
40001035
40001051
40001054
40001055
40001056
40001057
40001058
40001064
40001082_2_V2
40001089
40001090
40001091
40001093
40001097
40001098
40001100
40001112
4000112_9
40001135
40001136
40001138
40001145
40001146
40001147
40001149
40001163
40001164
40001168
40001169
40001170
40001174
40001175
40001178
40001179
40001180
40001181
40001182
40001183
40001186_0_V1
40001188
40001194
40001195
40001197
40001201
40001207
40001209
40001212
40001217
4000122
40001220
40001222
40001223
4000123
40001232
40001234
40001235
40001236
40001237
40001238
40001239
40001240
40001241
40001247
40001252
40001258
40001264
40001271
40001280
4000129
40001292
40001296
40001297
40001302
40001304
4000131
40001322
40001324
40001337
4000135
40001365
40001373
4000138
40001380
4000139
40001399
40001400
40001418
40001428
40001430
40001442
40001454
40001456
40001459
40001460
40001461
40001464
40001483
40001484
40001485
40001486
40001509
40001518
40001566
4000157_1
40001594
40001596
40001601
40001603
4000160_4_V5
40001620
40001639
40001663
40001665
4000167
40001674
40001676
40001681
40001695
40001700
40001714
40001715
40001736
4000175
40001752
40001763
40001767
40001772
40001775
40001782
40001795
40001798
40001815
40001820
40001826
40001828
40001831
40001837
40001839
40001844
40001845
40001846
40001847
40001848
40001849
40001850
40001852
40001853
40001854
40001856
40001857
40001858
40001859
40001860
40001861
40001862
40001864
40001865
40001866
40001867
40001868
40001869
4000187
40001870
40001872
40001890
40001891
40001892
40001897
400019
40001900
40001905
40001924
40001927
40001939
4000194
40001941_0_Voll
40001945
40001946
40001947
40001952
40001959
40001960
40001961
40001964
40001972
40001978
40001979
4000198
40001980
40001981
40001982
40001983
40001984
40001985
40001993
40001994
40001995
400020
40002006
40002010
40002022
40002027
40002033
40002034
40002035
40002036
40002037
40002038
40002040
40002045
40002084_2_V2
40002085
40002087
40002092
40002094
400021
4000210
40002101
40002102
40002103
40002113
40002122
4000213
40002132
40002139
40002144
40002145
40002146
40002157
40002158
40002161
40002171
40002174
40002175
40002181
40002183
40002185
40002187
40002188
40002196
40002213
4000222
40002225
40002229
40002238
4000224
40002249
4000225
40002251
40002257
40002258
40002259
40002262
4000228
40002282
4000229
40002315
40002320
40002325
40002327
40002328
40002329
4000233
40002330
40002331
40002332
40002335
40002348
40002355
40002356
40002358
40002359
40002373
40002387
40002388
40002392
40002400
40002407
40002417
40002424
40002429
40002430
4000244
40002441
40002447_1
4000245
40002450
40002453
40002455
40002456
40002457
40002458
40002459
4000246
40002461
40002462
40002466
40002471
40002472
40002473
40002474
40002475
40002477
40002480
40002486
40002487
40002493
40002513
40002525
40002527
40002534
40002538
40002544
40002550
40002551
40002554
40002558
40002559
40002562
40002568
40002574
40002577
40002578
40002579
40002580
40002581
40002582
40002584
40002586
40002588
40002590
40002591
40002597
40002601
40002605
40002609
4000261
40002610
40002616
4000262
4000263
40002630
40002634
40002637
40002638
40002642
40002643_2
40002645
4000265
40002650
40002651
40002652
40002653
40002656
40002669
40002670
40002680
40002681
40002685
40002687
40002688
40002713
40002718
40002721
40002729
40002732
40002755
40002763
40002766
40002767
40002768
40002769
40002770
40002771
40002772
40002773
40002774
40002775
40002776
40002777
40002783
40002787
40002793
40002794
40002795
40002796
40002797
40002798
4000280
40002808
40002809
40002812
40002813
40002815
40002839
40002841
40002852
40002866
40002879
40002882
40002894
40002895
40002899
400029
40002900
40002901
40002902
40002903
40002904
40002918
40002921
40002923
40002924
40002927
40002928
40002929
4000295
40002974
40002975
40002976
40002981
40002987
4000299
40002994
4000300
40003001
40003002
40003004
40003011
40003021
40003030
40003031
40003037
4000304
4000305
40003052
4000306
40003062
40003076
4000308
40003080
40003082
40003087
40003088
40003099
4000310
40003105
40003105_1
40003106
40003107
40003108
4000311
4000312
4000313
4000314
40003149
40003152
40003153
40003158
40003165
40003171
40003175
40003186
40003190
40003191
40003192
40003193
40003196
40003197
40003199
40003217
40003218
40003223
40003237
40003238
40003265
40003270
40003272
40003282
40003283
4000331_3_V1
40003320
40003333
40003335
4000339
40003400
40003412
4000344
40003445
40003446
40003528
4000353_4_V4
4000357_8_V2
4000358
4000362
4000365
4000367
4000372
4000374
400038
4000381
4000391
4000392
4000394
4000395
4000405
4000406
4000407
400041
4000410
4000412
4000413
4000416
4000418
4000419
4000427
4000432
4000433
4000442
4000447
4000451
4000457
4000465
400048
4000487
4000493
4000494
4000496
4000497
4000498
4000499
4000500
4000501
4000505
4000506
4000507
4000508
4000509
4000510
40005106
4000511
4000512
4000513
4000514
4000515
4000530
4000532
4000533
400054
4000542
4000543
4000544_1_V4e
4000546_1_U1
4000546_1_V1
4000548
4000550
4000551
4000554
4000568
4000574
4000594
400060
4000612
400062_7_V1
4000702
4000711
4000721
4000722
4000728
4000729
4000731
4000748
4000768
4000769
4000795
4000796
4000797
4000798
4000799
4000801
4000808
4000809
4000816
4000817
4000819
4000824
4000835
4000927
4000928
4000935
4000938
4000945
4000951
4000952
4000953
4000954
4000955
4000959
4000960
4000961
4000962
4000963
4000965
4000966
4000967
4000968
4000969
4000970
4000971
4000972
4000973
4000988
4000990
4000991
4000993
4000994
4000998
4001102
4001103
4001417
400184
400308
40031380
40031381
40031745
40031755
40031820
40031873
40031874
40032028
40032102
40032103
40032104
40032105
40032158
40032186
40032188
40032194
40032205
40032220
40032221
40032225
40032247
40032248
40032249
40032294
40032296
40032297
40032298
40032299
40032300
40032331
40032399
40032469
40032470
40032479
40032480
40032481
40032482
40032483
40032488
40032489
40032490
40032494
40032495
40032497
40032503
40032509
40032510
40032511
40032512
40032513
40032528
40032547
40032577
40032578
40032618
40032619
40032620
40032621
40032623
40032641
40032745
40032748
40032791
40032874
40032895
40032896
40032925
40032985
40032986
40033023
40033024
40033025
40033026
40033027
40033028
40033029
40033063
40033074
40033086
40033120
40033122
40033175
40033182
40033183
40033184
40033210
40033239
40033269
40033337
40033338
40033339
40033343
40033393
40033517
40033556
40033582
40033583
40033643
40033696
40033715
40033716
40033717
40033723
40033724
40033725
40033730
40033771
40033773
40033788
40033815
40033824
40033839
40033856
40034002
40034004
40034016
40034117
40034118
40034130
40034340
40034345
40034390
4003441
40034419
40034554
40034572
40034620
40034633
40034636
40034637
40034638
40034642
40034736
40034779
40034819
40034909
40034928
40034929
40034930
40034931
40034932
40034933
40034934
40034946
40035005
40035064
40035065
40035245
4003555
4003621
4003622
4003762
4003855
4007168
4007209
4007212
4007215
4007216
4007219
4007230
4007232
4007237
401009
40101204
40101234
40101302
40101303
40101321
40101361
4010138
40101383
40101386
40101397
40101504
40101532
40101535
40101565
40101581
40101595
40101610
40101617
40101619
40101626
40101633
40101674
40101685
40101686
40101689
40101703
40101756
40101765
40101774
40101775
40101777
40101816
40101833
40101838
40101864
40101913
40101914
40101926
40101936
40102083
40102084
40102085
40102088
40102091
40102092
40102104
40102115
40102180
40102195
40102196
401022
40102247
4010259
4010274
4010277
40103107
40103211
40103226
40103227
4010329
4010330
4010393
40104032
40104084
40104110
40104112
40104151
401042
40104218
40104224
40104239
40104241
40104243
40104297
40104317
40104324
40104327
401043290
40104332
40104350
40104351
40104352
40104379
40104380
40104381
40104382
40104396
40104422
40104450
40104457
40104556
40104557
40104562
40104584
40104590
40104610
40104615
40104624
40104629
40104664
40104673
40104674
40104689
40104691
40104706
40104707
40104713
4010473
40104733
40104742
40104759
40104794
40104795
401048
40104802
40104803
40104840
40104852
40104864
40104866
40104868
4010487
40104873
40104881
40104916
40104927
40104930
40104942
40105124
4010621
4010623
4010781
4010807
40108820
40108821
40108822
40108823
40108825
40108852
40108878
40108879
40108883
40108887
40108888
40108891
40108892
40108893
40108903
40108918
4010903
4010904
4010907
40141006
40141008
40141036
40141040
40141042
40141046
40141047
40141056
40141090
40141091
40141097
40141112
40141160
40141167
40141169
40141178
40141193
40141197
40141198
40141219
40141220
40141245
40141259
40141260
40141269
40141349
40141396
40141411
40141412
40141525
40141540
40141541
40141542
401416
40141655
40141663
40141665
40141686
40141701
40141704
40141726
40141737
40141846
4014189
4014194
40141945
40141995
4014298
4014309
4014397
4014400
4014401
4014411
4014461
4014469
4014509
4014521
4014523
4014548
4014549
4014593
4014595
4014596
4014601
4014602
4014603
4014622
4014688
4014692
4014693
4014694
4014695
4014696
4014697
4014698
4014702
4014703
4014704
4014705
4014706
4014707
4014708
4014709
4014711
4014712
4014736
4014737
4014738
4014739
4014740
4014741
4014753
4014754
4014755
4014756
4014758
4014767
4014771
4014772
4014773
4014774
4014809
4014811
4014847
4014853
4014858
4014867
4014870
4014871
4014872
4014873
4014884
4014885
4014895
4014911
4014950
4014955
4014967
4014984
4018100
4018112
4018122
4018146
4018156
4018159
4018161
4018164
4018165
4018168
4018181
4018182
4018183
4018196
4018199
4018291
4018292
4018293
4018296
4018307
4018403
4018404
4018405
4018406
4018408
4018409
4018410
4018411
4018412
4018416
4018423
4018424
4018425
4018427
4018435
4018441
4018443
4018621
4018690
4018698
4018712
4018803
4018804
4018805
4018806
4018829
4018830
4018841
4018849
4018850
4018858
4018859
401886
4018862
4018863
4018864
4018866
4018875
4018876
4018877
4023116
4023128
4023132
4023138
4023228
4023238
4023239
4023269
4023298
4023299
4023300
4023305
4023306
4023326
4023351
4023377
4023394
4023395
4023414
4023415
4023418
4023419
4023421
4023433
4023437
4023455
4023456
4023461
4023464
4023467
4023468
4024216
4024217
4024237
4024238
4024239
4024240
4024241
4024265
4024266
4024268
4024276
4024277
4024278
4024281
4024282
4024283
4024289
4024290
4024291
4024295
4024298
4024318
4024324
4024325
4024326
4024327
4024328
4024329
4024330
4024331
4024337
4024364
4024365
4024366
4024371
4024372
4024373
403007
403009
403014
403015
403022
403023
403024
403025
403027
403028
403029
403033
403034
403035
403039
403047
403050
403051
403063
403065
403069
403103
403106
403107
403108
403109
403110
4031108
403111
4031111
4031115
403112
403116
403118
403119
403123
403124
403125
403126
403127
403128
403129
403130
403131
403132
403133
403136
403139
403140
403142
403148
403149
403153
403158
403162
403166
403171
403172
403180
403186
403187
403197
403199
403295
403299
403307
403308
403310
4033102
4033105
4033106
4033107
4033109
403311
4033110
4033111
4033112
4033113
4033115
4033116
403318
403330
403404
