filename= C:\Users\janni\OneDrive\Desktop\Test\proje\test\opt-test-APS1.log
403330
40001082_2_V2
403171
403109
40032331
40141995
40003002
40102104
403050
4000381
4024365
40032791
40032248
40001485
40002568
40001596
40002480
4014603
40001959
40001752
40035245
40002429
40002882
40103107
40101303
4018423
40001782
40003237
40034933
40032103
40005106
40101626
40002732
40001168
4023377
4031111
40002866
40104590
40001663
40034636
40001197
40033184
40001100
4018866
40002582
403014
403307
40003021
40104584
40001188
40033724
40003199
4014704
40104930
40003446
4023419
4024281
403127
4014872
403308
4014693
40001051
4033107
40001695
40101504
40141047
403007
40001399
270111
40002776
4014741
40141396
40141169
4000729
40002450
40003001
4014707
40002597
403199
403136
4014767
291317
40032186
4007215
40002581
40034633
4000819
4023298
4018862
40002328
40002771
4000544_1_V4e
40002798
40032620
4018307
401416
4014622
40101397
40002651
40001220
403111
40101321
270110
4010274
4000311
40001093
40002249
403107
4024217
4000959
4014984
403029
40002513
4000487
4014895
40002852
40001091
4014955
40003030
40141040
4000951
40032495
40104610
40003223
40101777
40001280
40002329
40101914
4000465
40001891
4000543
4000499
40104332
40002793
40035064
40104557
4014705
4000799
40105124
400003
40002282
40001867
4014400
4003855
40141008
4014695
4014853
40104556
40032528
403162
4033116
4000928
40032748
291409
4000511
40001089
40003400
4000194
40001869
40102084
4023437
4018427
40002320
40032874
40104327
40001055
4007216
40003412
40141349
40002586
40002902
40001258
4000515
40032503
40002045
40002262
40002251
40001775
40101361
40141220
40003087
4014870
4000973
40002987
4000265
4010904
4010259
40002466
40002616
40034390
40032221
40102088
280029
40002783
4023455
40034572
40001850
40033839
40001180
4000554
4000991
40033815
40101765
40002775
40001164
4000971
40001365
40033210
40104615
40104868
40001985
40002815
40141701
4018690
40001454
40002772
403132
40002092
40001847
40002680
4000129
40101383
40002579
40001594
40104689
4000457
40002770
40002087
40002122
4000568
4000998
40001174
40002584
40108822
40031380
40002527
403153
40001009
4014602
400308
4024238
40108821
4018293
4003555
4014758
40104624
4000533
40001714
400041
40034117
40031755
40032483
40033715
40033716
4000953
4024265
40101775
40002407
40002813
40108888
401048
40002994
40104840
4018805
4000990
40032641
40001264
40002181
4018122
40002774
40032205
400002
40101532
40002258
403125
4003762
40002430
40001980
4000968
4014739
40001857
4024295
40001763
40031873
40001236
40001849
40001183
403130
40003283
40002550
40002447_1
40002591
4000262
401042
4023269
40002006
40003528
40101689
40033582
40003088
40002157
40001054
40003106
40102180
40003076
40002578
40033175
40002034
4000198
4023467
40001858
4014521
4023464
40141411
4000496
40033788
40104927
4000416
4024290
4018411
40003052
4033111
40002146
290062
403110
4018425
40001337
40101535
40104733
403028
40101926
4018858
40001149
4000961
40001418
40032512
40033725
4000506
403015
4018424
40001964
40001890
40108883
4024289
4000501
40001239
40033824
401043290
40033025
40032618
40034736
40001209
40102247
40001924
40001322
40141036
400021
4000530
40002175
4018443
40101686
403118
4000344
4000244
403133
40002918
403142
40031745
40141090
40001862
40001868
40032745
4023305
40032158
270002
40001870
40104457
40002645
40033771
40002787
4018849
40101386
4010903
40002901
4014509
40141542
40001181
4014694
40002158
40002238
40002040
40141178
4000546_1_V1
400062_7_V1
40001837
40032479
40001241
40001019
4000442
40104794
40002022
403404
40002113
4024364
40002161
40001846
4000395
4018850
4024325
40001981
4018199
4018182
4000406
4018409
4000305
40001872
40141663
4023351
4018291
40002392
4023326
40104873
4024268
40001853
40033730
40001995
40141197
4031115
40001011
40033393
40101685
4000362
403119
4023395
4000796
40001178
40033029
40104674
40141704
40002330
40034345
4014688
40101565
40001186_0_V1
40104691
4024331
40003105_1
400054
40034946
4000972
270112
40104110
40101617
40002554
40001798
4018416
4000768
4000367
4000817
4014809
40032296
4023116
40108879
4007237
4018841
40001993
4000138
4000809
40001772
4000816
4014708
40141269
4024326
40001979
40001831
4000410
40001815
4000374
403024
40002688
40001010
200982
40104916
403009
40032482
40002400
40102083
4023239
40141042
40002213
40032986
4000938
40002474
403065
4000295
4000711
40002808
40003320
40001014
40032896
40101864
40001428
40104350
4000310
4023421
40001195
40001031
4000432
40032481
4018435
40001820
40032511
40001566
4003622
40002687
403148
40002359
40002721
40001000
4014411
4018863
4000769
40001848
4014596
40032300
40002767
40108825
403025
4001102
40002713
40002544
40104239
40108918
4033106
4024276
40103226
40001518
40002685
291316
40003265
403022
4000131
40002768
4000246
4000135
4010138
4023306
4014401
40108903
40002638
40002652
40001182
4033109
40001639
40002534
40141655
4014698
4018877
40001828
40001459
40001097
4024371
40001237
40002924
40002356
4024318
40001795
40003238
4000508
40104151
40033583
4024327
4000160_4_V5
4000574
40104317
4033112
40102085
40104297
40001112
40141945
40034016
40002643_2
4000331_3_V1
40002144
40033269
40001700
4000935
40034340
4000365
4000372
40002188
40002085
4023433
4000702
40104032
4000213
4000927
4014309
40002457
4033102
403103
40002981
40001271
40101595
40104381
40001296
40002650
4018830
40141056
40108823
4014811
40001947
40104382
40032547
40002777
40001983
40032299
4000797
40003165
4000299
40002424
4000954
40002036
403310
403069
4014397
40104759
4000229
40001681
40033086
40002417
40104802
40141091
40003158
4018196
40104380
40001601
4014595
4018441
403023
40032297
40104243
40001900
403063
4014736
40002796
4000300
403033
40001984
40002456
40001201
40104864
4010277
4000122
40101674
4014740
40034932
40001852
4014548
40141665
40002139
40002335
4000433
40001057
40003149
40002577
4018829
40108852
40104324
403129
40141541
40034419
40001175
40032220
40141160
40103211
40001238
40002473
40033723
4000969
290061
40104742
40002766
4014697
4023238
40002927
40002605
40002975
4000731
40002187
403149
40002899
40032247
40141726
40001380
4018698
4023415
40033026
40002331
4024324
40033183
40141540
400060
40001430
40101204
403139
4014712
40034931
40141686
4014911
4000357_8_V2
4000280
4014702
4000510
4018804
40001674
40032623
4000497
4014189
403035
40001603
403131
4000447
40001304
40001676
4014858
40002035
40001946
40002174
4023468
40001941_0_Voll
230310
40003193
40001865
4018712
400019
4033110
403124
401009
40001442
40002974
4000228
4018876
4018803
40031381
4000493
4003441
40001856
40002037
40032578
4000551
40001232
40002315
4000175
400038
40001163
40031874
40003105
4000392
40032497
40001994
40032513
4014711
4000494
40001826
40034642
40002976
4018100
40035005
4024240
40002387
270113
40108887
40141245
40001222
4000139
400029
40003152
40001483
4000532
40003192
40002812
40002904
4018168
40104422
40141167
403187
40001058
4000407
4000394
40002183
40003272
40032509
4010473
40034002
40032294
40101302
40032470
4000308
40002196
40002609
40003190
40001013
40032621
40001665
40001169
40033028
40002102
40003153
40033074
40001715
403166
40002558
4023456
290050
4000512
4000722
4018859
40002185
40002458
40001982
4031108
4010487
40034819
40001844
280042
4000994
40001240
40002670
4014549
403311
403318
40002879
40001292
40001978
40108892
403116
40033556
4023128
None
4024277
4024241
4014738
40002171
40002588
4000263
4014873
403299
40002471
40002038
40101633
40001484
4024328
40002538
4000304
403051
40001234
40002327
403039
40104084
4023299
4001103
40033120
40034620
40033643
40002928
4023461
40002525
4007230
4018164
4000988
40033856
40104112
40002461
40034118
40001090
40002634
40002923
40104241
40101610
40002763
40002355
40101619
4023394
403106
40101774
40002388
4018806
40104942
4000728
40034929
403197
4014461
4014774
40002755
4018146
40002669
40002373
40034930
40001146
4018864
40001136
4000412
4000507
4000748
4000187
4007209
40002493
40102091
40104562
4024337
40001892
40001845
4023138
40002895
40033024
40002921
40032194
40002027
40001302
40003082
40001138
4014706
40002562
40032298
4023418
40002900
4014601
4000548
40034130
40002729
40103227
403186
291432
40032188
4000306
40108891
4014194
4007232
4023414
40002551
40001217
40002580
40003080
4010621
40001004
40101234
40002462
403295
40034928
40002773
40104795
40002929
4033113
40003004
40001945
40001170
403128
4014692
403172
40101913
4007168
4000167
40104218
40034637
40002225
40002769
40001235
40032225
40033717
40002590
40035065
4014696
40002559
40001860
40001034
40001212
4000963
4024298
4007212
40141046
40102092
40002010
40141737
40104379
4014950
4000945
40104803
403027
4000612
4000314
4018404
4014871
40032494
4018292
4000966
4014737
40002348
4014593
4033105
40002259
40003011
4014885
4000967
40001460
40001008
40033773
4018156
40003445
4014298
400184
40104673
4014703
40001767
40032104
40001207
40001400
4018405
40002718
40002795
40032469
40002441
40104224
4014756
40002610
4024291
4014867
40002681
4000513
291431
40104706
403034
4023300
40104664
40001861
403047
40032619
4000550
4010907
4000391
4000965
4000500
4000546_1_U1
40141260
40003099
4000721
4010807
4014772
40003270
4000312
4000245
40001194
40001961
40001859
40003037
4023228
4000960
403126
40032985
4000808
4014967
4018408
4000225
4024278
4014753
4018406
40032488
40001135
40002094
4018165
4003621
40001939
400020
4000313
40001098
40001464
40002574
4000358
4010329
4024330
4014755
40001897
4000418
4000224
4014771
40102196
4000962
285007
40108820
4024282
4018181
40141525
40001064
4000451
40002132
4000233
4024239
40002145
40034554
40001927
40141193
4018412
40001252
4014709
40141198
40002257
40032490
40001456
403180
40001509
40034638
40032577
40033023
40033338
4024237
4014523
4000353_4_V4
40104396
40104629
403112
4010623
40002601
401022
4024366
4000955
40001012
40002841
4001417
4010330
40141006
40002332
40002797
4014754
40001223
4000405
40001179
40001297
40104881
4000509
4024266
292425
40031820
40001972
40003062
4000801
4018161
4000952
40001033
4000594
40032895
40001247
40108878
40001056
40003191
40002453
40001461
4014847
40001905
40034909
4010781
40032249
4000112_9
40003171
40104713
40002839
40101936
4024216
4000824
4018621
40034779
40033122
4000514
40003335
40034004
4033115
40033239
4018159
40002809
4000339
403123
4018410
230000
40032105
4024329
40033337
40141259
40104852
4018183
40001035
4000413
40033517
40001854
40101833
285006
40034934
40002477
40104351
4018403
4018296
40002653
40001960
4000795
40032399
40141412
40002656
4000835
40002084_2_V2
40033027
4023132
40002903
403158
40141097
40003186
40032925
40101581
4007219
40104352
4014773
40141219
40002101
40002642
40002455
4000427
4000498
4000210
40104866
40032102
40001839
403108
40001620
40002630
40003196
40002486
40002325
40104707
403140
40002033
4018112
4000970
40032510
40002794
40001324
40001373
40003218
40108893
40104450
40032489
4018875
40033182
40102115
40001147
40001486
4000993
40101838
400048
4024372
40003107
40003108
401886
40033063
40032028
4000157_1
4024283
40003282
4000542
40002472
40141846
40001864
4014469
4000123
40101703
40032480
40001952
40141112
4000419
4000222
40002475
40002103
40002459
40101816
40001736
40002229
40003197
4014884
4010393
4000505
40002487
4000798
40003217
40101756
4024373
40002637
40001145
40001866
40033343
40003333
40002894
40003031
40003175
4000261
40033339
40102195
40002358
40033696
